3
{(0, 1): 0.05, (1, 2): 0.025, (3, 2): 0.05, (1, 3): 0.05, (3, 0): 0.05, (4, 1): 0.025, (4, 2): 0.05, (3, 1): 0.025, (1, 4): 0.025, (0, 2): 0.025, (2, 0): 0.05, (2, 3): 0.05, (2, 1): 0.025, (4, 3): 0.025, (0, 4): 0.025, (2, 4): 0.025, (0, 3): 0.05, (3, 4): 0.025, (1, 0): 0.05, (4, 0): 0.05}
{(0, 1): 0.21794494717703367, (1, 2): 0.15612494995995996, (3, 2): 0.21794494717703367, (1, 3): 0.21794494717703367, (3, 0): 0.21794494717703367, (4, 1): 0.15612494995995996, (4, 2): 0.21794494717703367, (3, 1): 0.15612494995995996, (1, 4): 0.15612494995995996, (0, 2): 0.15612494995995996, (2, 0): 0.21794494717703367, (2, 3): 0.21794494717703367, (2, 1): 0.15612494995995996, (4, 3): 0.15612494995995996, (0, 4): 0.15612494995995996, (2, 4): 0.15612494995995996, (0, 3): 0.21794494717703367, (3, 4): 0.15612494995995996, (1, 0): 0.21794494717703367, (4, 0): 0.21794494717703367}
Optimize a model with 440 rows, 640 columns and 1640 nonzeros
Model has 20 quadratic constraints
Coefficient statistics:
  Matrix range    [3e-02, 2e+00]
  Objective range [1e+00, 1e+00]
  Bounds range    [1e+00, 1e+00]
  RHS range       [1e+00, 1e+00]
Solve qcp for cone disaggregation ...
Presolve removed 300 rows and 300 columns
Presolve time: 0.02s
Presolved: 160 rows, 600 columns, 960 nonzeros
Variable types: 400 continuous, 200 integer (200 binary)

Root relaxation: objective 7.500000e-01, 20 iterations, 0.00 seconds

    Nodes    |    Current Node    |     Objective Bounds      |     Work
 Expl Unexpl |  Obj  Depth IntInf | Incumbent    BestBd   Gap | It/Node Time

H    0     0                       9.4521676    0.00000   100%     -    0s
     0     0    5.06422    0  105    9.45217    5.06422  46.4%     -    0s
     0     0    6.02996    0   94    9.45217    6.02996  36.2%     -    0s
     0     0    6.52012    0   93    9.45217    6.52012  31.0%     -    0s
     0     0    6.66663    0   88    9.45217    6.66663  29.5%     -    0s
     0     0    6.73927    0   84    9.45217    6.73927  28.7%     -    0s
     0     0    6.75323    0   84    9.45217    6.75323  28.6%     -    0s
     0     2    6.75323    0   84    9.45217    6.75323  28.6%     -    0s
H   55    56                       9.4286589    6.78156  28.1%   112    1s
H  116   118                       9.3306017    6.78156  27.3%  88.5    1s
H  230   195                       8.9120399    6.87490  22.9%  75.5    1s
H  260   225                       8.8081837    6.87490  21.9%  82.1    2s
H  282   217                       8.5295527    6.87490  19.4%  85.8    2s
   324   261    6.87490   19  100    8.52955    6.87490  19.4%  94.0    5s
  1199   778    7.69000   38   54    8.52955    6.97264  18.3%   101   10s
  2430  1795    7.40106   29   74    8.52955    7.08466  16.9%  93.2   15s
  3605  2777    7.51749   26   83    8.52955    7.11602  16.6%  92.5   20s
* 4341  2085              40       8.0673636    7.16288  11.2%  90.6   22s
  4798  2328    7.57700   31   70    8.06736    7.19202  10.9%  91.2   25s
  5850  2916    7.65857   30   90    8.06736    7.23936  10.3%  92.5   30s
  6745  3433    7.66696   32  101    8.06736    7.26243  10.0%  93.1   35s
  7540  3926    8.01453   40   60    8.06736    7.28333  9.72%  93.4   40s
  8757  4648    7.65662   35   77    8.06736    7.30704  9.42%  93.7   46s
  9867  5288    7.79052   34   61    8.06736    7.32734  9.17%  93.4   51s
 11065  6012    7.72143   34   84    8.06736    7.34223  8.99%  93.3   56s
 12283  6705    7.71883   30   69    8.06736    7.35749  8.80%  93.4   61s
 13479  7342    8.02899   42   25    8.06736    7.36789  8.67%  93.5   66s
 14698  7979    7.96632   51   62    8.06736    7.38033  8.52%  93.4   71s
 15113  8215    7.61036   26   79    8.06736    7.38239  8.49%  93.4   76s
 16021  8668    7.81795   34   80    8.06736    7.39457  8.34%  93.2   81s
 17003  9211    7.99845   35   86    8.06736    7.40147  8.25%  92.7   85s
 18327  9918    8.05074   39   79    8.06736    7.40979  8.15%  92.5   90s
 19691 10607    7.93964   37   92    8.06736    7.41831  8.05%  92.2   95s
 21026 11324    7.92077   36   85    8.06736    7.42563  7.95%  92.0  101s
 22365 11971    7.95815   36   76    8.06736    7.43419  7.85%  91.8  106s
 23264 12453    7.85895   43   78    8.06736    7.43854  7.79%  91.6  110s
 24618 13160    7.61029   27  100    8.06736    7.44643  7.70%  91.3  115s
 25912 13810    8.04459   36   78    8.06736    7.45487  7.59%  91.2  120s
 27215 14466    7.73657   33   65    8.06736    7.46202  7.50%  91.0  126s
 28564 15168    7.96433   36   74    8.06736    7.46903  7.42%  90.7  131s
 29856 15770    7.94498   32   60    8.06736    7.47571  7.33%  90.6  136s
 31290 16452    8.03154   39   57    8.06736    7.48321  7.24%  90.1  141s
 32190 16866    7.64216   31   79    8.06736    7.48771  7.19%  90.0  145s
 33484 17461    7.60703   37   95    8.06736    7.49246  7.13%  89.8  150s
 34800 18048    7.99761   38   64    8.06736    7.49837  7.05%  89.7  155s
 36076 18670     cutoff   38         8.06736    7.50262  7.00%  89.5  160s
 37480 19246    7.82247   38   57    8.06736    7.50925  6.92%  89.2  165s
 38903 19851    7.82552   36   76    8.06736    7.51390  6.86%  88.9  170s
 40292 20422    7.96337   36   69    8.06736    7.51923  6.79%  88.6  175s
 41651 21006    7.76897   41   57    8.06736    7.52558  6.72%  88.4  183s
 41655 20986    7.77701   41   50    8.06736    7.52560  6.72%  88.4  185s
 42978 21551    7.82304   36   66    8.06736    7.52951  6.67%  88.3  190s
 44394 22109    7.96588   45   61    8.06736    7.53375  6.61%  88.1  196s
 45313 22470    8.02358   46   64    8.06736    7.53734  6.57%  88.0  200s
 46674 23019     cutoff   51         8.06736    7.54049  6.53%  87.8  205s
 48107 23607    8.01404   44   73    8.06736    7.54543  6.47%  87.5  210s
 49511 24132     cutoff   47         8.06736    7.55017  6.41%  87.3  215s
 50864 24732    7.71449   29   45    8.06736    7.55350  6.37%  87.2  220s
 52256 25308    8.04248   41   55    8.06736    7.55679  6.33%  87.0  225s
 53639 25823    7.93579   37   51    8.06736    7.56120  6.27%  86.8  230s
 55030 26354    7.84331   33   83    8.06736    7.56555  6.22%  86.6  235s
 56423 26824    7.85813   34   80    8.06736    7.56820  6.19%  86.5  240s
 57789 27326    7.83572   32   56    8.06736    7.57236  6.14%  86.3  246s
 59129 27770    7.92210   33   86    8.06736    7.57520  6.10%  86.2  251s
 59978 28067    7.91581   33   51    8.06736    7.57750  6.07%  86.2  255s
 61333 28533    8.04911   39   51    8.06736    7.58088  6.03%  86.1  261s
 62266 28857    7.88836   40   63    8.06736    7.58303  6.00%  86.0  265s
 63646 29348     cutoff   37         8.06736    7.58607  5.97%  85.8  270s
 64881 29753    7.80063   37   70    8.06736    7.58875  5.93%  85.8  275s
 66278 30200    7.85129   33   90    8.06736    7.59209  5.89%  85.6  280s
 68101 30856     cutoff   38         8.06736    7.59647  5.84%  85.5  286s
 69534 31327    7.84626   36   67    8.06736    7.59959  5.80%  85.3  291s
 70864 31740     cutoff   43         8.06736    7.60237  5.76%  85.2  296s
 72276 32193    8.03478   35   42    8.06736    7.60564  5.72%  85.0  301s
 73653 32629    7.80725   32   63    8.06736    7.60807  5.69%  84.9  306s
 75068 33057    7.76382   36   56    8.06736    7.61160  5.65%  84.7  311s
 75960 33359    7.73294   35   60    8.06736    7.61310  5.63%  84.6  318s
 76428 33478    7.94715   34   79    8.06736    7.61448  5.61%  84.6  321s
 77776 33930    8.04265   38   68    8.06736    7.61658  5.59%  84.5  326s
 79178 34348    7.72877   33   96    8.06736    7.61926  5.55%  84.4  331s
 80593 34794    7.80720   38   97    8.06736    7.62238  5.52%  84.2  336s
 82028 35198    7.82232   34   79    8.06736    7.62487  5.48%  84.1  341s
 83450 35612    7.86891   38   55    8.06736    7.62762  5.45%  83.9  346s
 84796 35975     cutoff   37         8.06736    7.62969  5.43%  83.8  351s
 86179 36332    8.04473   48   69    8.06736    7.63231  5.39%  83.7  355s
 87642 36725    7.99700   38   61    8.06736    7.63478  5.36%  83.6  360s
 88979 37074    8.00946   35   41    8.06736    7.63740  5.33%  83.5  365s
 90275 37403    7.80177   30   80    8.06736    7.63972  5.30%  83.4  370s
 91675 37796    7.87573   35   65    8.06736    7.64168  5.28%  83.3  375s
 93053 38191    8.02079   38   97    8.06736    7.64467  5.24%  83.2  380s
 94464 38565     cutoff   41         8.06736    7.64677  5.21%  83.1  385s
 96335 39018    8.03372   36   48    8.06736    7.64990  5.17%  83.0  391s
 97739 39383    8.03559   35   67    8.06736    7.65244  5.14%  82.8  396s
 99131 39771    8.03983   38   67    8.06736    7.65455  5.12%  82.7  401s
 100574 40102    7.90387   36   64    8.06736    7.65670  5.09%  82.6  406s
 101898 40410     cutoff   48         8.06736    7.65869  5.07%  82.5  410s
 103310 40720     cutoff   38         8.06736    7.66169  5.03%  82.4  415s
 104743 41040    7.80453   35   70    8.06736    7.66405  5.00%  82.3  420s
 106160 41362    7.93515   34   65    8.06736    7.66638  4.97%  82.2  425s
 107642 41725    7.99695   31   51    8.06736    7.66836  4.95%  82.0  430s
 109008 42014    7.93387   35   64    8.06736    7.67049  4.92%  82.0  435s
 110836 42409    8.03328   32   44    8.06736    7.67326  4.89%  81.9  441s
 112238 42655     cutoff   39         8.06736    7.67531  4.86%  81.8  446s
 113653 42959     cutoff   46         8.06736    7.67745  4.83%  81.7  451s
 115080 43275    8.01143   39   55    8.06736    7.67918  4.81%  81.5  455s
 116412 43549    7.95050   33   45    8.06736    7.68126  4.79%  81.5  460s
 117854 43845    8.02697   35   74    8.06736    7.68340  4.76%  81.3  465s
 119658 44240    7.99718   34   81    8.06736    7.68577  4.73%  81.2  471s
 120998 44492    8.03975   43   82    8.06736    7.68771  4.71%  81.2  475s
 122368 44761    8.00233   38   61    8.06736    7.69009  4.68%  81.1  480s
H123274 44958                       8.0673636    7.69134  4.66%  81.1  486s
H123342 44970                       8.0673636    7.69135  4.66%  81.1  486s
 124278 45090    7.92580   38   76    8.06736    7.69299  4.64%  81.0  491s
 125564 45324     cutoff   38         8.06736    7.69484  4.62%  81.0  496s
 126982 45517    7.78578   35   70    8.06736    7.69656  4.60%  80.9  500s
 128456 45796    7.91500   33   67    8.06736    7.69839  4.57%  80.8  505s
 129806 45990     cutoff   38         8.06736    7.70022  4.55%  80.7  511s
 130733 46145    8.02276   43   92    8.06736    7.70140  4.54%  80.7  515s
 132101 46392    7.97502   41   80    8.06736    7.70318  4.51%  80.6  520s
 133468 46597    7.82795   36   51    8.06736    7.70486  4.49%  80.5  525s
 134792 46867    7.85706   31   57    8.06736    7.70673  4.47%  80.5  530s
 136178 47081    8.05393   36   63    8.06736    7.70860  4.45%  80.4  535s
 137588 47325     cutoff   51         8.06736    7.71056  4.42%  80.3  540s
 139102 47605    8.06599   37   45    8.06736    7.71254  4.40%  80.2  546s
 140502 47795    8.01632   44   74    8.06736    7.71430  4.38%  80.1  551s
 141438 47909    8.01881   45   41    8.06736    7.71542  4.36%  80.1  555s
 142836 48085    7.87836   37   66    8.06736    7.71717  4.34%  80.0  560s
 144297 48283    7.96899   38   60    8.06736    7.71901  4.32%  79.9  566s
 145240 48405    7.90563   37  102    8.06736    7.72024  4.30%  79.9  570s
 146637 48575    8.01908   45   60    8.06736    7.72193  4.28%  79.8  576s
 148045 48739    7.84040   36   49    8.06736    7.72391  4.26%  79.7  581s
 149528 48966    7.92941   35   76    8.06736    7.72560  4.24%  79.6  586s
 150447 49109     cutoff   44         8.06736    7.72661  4.22%  79.6  590s
 151798 49281     cutoff   33         8.06736    7.72806  4.21%  79.5  595s
 153245 49526    8.02930   41   66    8.06736    7.72957  4.19%  79.4  600s
 155140 49799    7.87670   38   76    8.06736    7.73174  4.16%  79.3  606s
 155610 49947    7.91030   31   72    8.06736    7.73212  4.16%  79.3  611s
 156516 49992     cutoff   33         8.06736    7.73305  4.14%  79.2  616s
 158030 50184     cutoff   36         8.06736    7.73482  4.12%  79.1  620s
 159419 50362     cutoff   35         8.06736    7.73623  4.10%  79.1  625s
 160840 50558    7.89141   45   77    8.06736    7.73781  4.09%  79.0  630s
 162295 50782    7.90915   31   41    8.06736    7.73928  4.07%  78.9  635s
 163706 50915    7.86004   38   67    8.06736    7.74088  4.05%  78.8  640s
 164662 51027     cutoff   39         8.06736    7.74206  4.03%  78.8  645s
 166036 51203    7.89564   41   53    8.06736    7.74348  4.01%  78.7  651s
 167534 51401    7.84450   32   63    8.06736    7.74497  4.00%  78.6  655s
 168977 51564     cutoff   40         8.06736    7.74644  3.98%  78.5  660s
 170463 51740    7.98759   38   49    8.06736    7.74806  3.96%  78.4  666s
 171866 51950     cutoff   44         8.06736    7.74953  3.94%  78.4  671s
 172823 52046    8.00686   39   73    8.06736    7.75058  3.93%  78.3  675s
 174162 52160     cutoff   35         8.06736    7.75209  3.91%  78.3  681s
 175176 52241    8.04550   36   53    8.06736    7.75319  3.89%  78.2  685s
 176640 52404     cutoff   43         8.06736    7.75466  3.88%  78.1  690s
 178070 52588     cutoff   47         8.06736    7.75589  3.86%  78.1  696s
 179028 52684    8.03299   38   62    8.06736    7.75679  3.85%  78.0  700s
 180486 52831     cutoff   36         8.06736    7.75840  3.83%  77.9  705s
 181862 52940    8.00117   36   42    8.06736    7.75974  3.81%  77.9  710s
 183784 53155    7.93179   30   59    8.06736    7.76175  3.79%  77.8  715s
 185135 53239    8.05371   40   56    8.06736    7.76349  3.77%  77.7  720s
 186537 53334    7.97161   38   71    8.06736    7.76509  3.75%  77.7  725s
 188462 53499    7.82752   26   99    8.06736    7.76676  3.73%  77.6  730s
 189909 53601    8.00824   33   60    8.06736    7.76832  3.71%  77.5  735s
 191803 53758    8.04994   39   68    8.06736    7.77003  3.69%  77.4  741s
 193213 53849    7.88160   38   69    8.06736    7.77150  3.67%  77.4  745s
 194722 53964    7.99496   41   72    8.06736    7.77311  3.65%  77.3  750s
 196599 54098     cutoff   30         8.06736    7.77481  3.63%  77.2  755s
 197554 54178    7.96973   34   58    8.06736    7.77548  3.62%  77.1  761s
 198539 54185     cutoff   44         8.06736    7.77644  3.61%  77.1  766s
 200036 54273    8.00342   41   51    8.06736    7.77793  3.59%  77.0  770s
 201761 54369     cutoff   54         8.06736    7.77967  3.57%  77.0  776s
 203199 54419    7.86375   36   60    8.06736    7.78101  3.55%  76.9  780s
 205167 54477    7.91059   41   58    8.06736    7.78300  3.52%  76.8  786s
 206522 54512    8.01323   35   63    8.06736    7.78445  3.51%  76.8  790s
 208494 54626    7.95388   42   66    8.06736    7.78640  3.48%  76.6  796s
 209927 54646    7.95956   26   34    8.06736    7.78760  3.47%  76.6  800s
 211841 54750     cutoff   47         8.06736    7.78940  3.45%  76.5  805s
 213171 54763    8.02780   40   64    8.06736    7.79058  3.43%  76.5  810s
 214612 54768     cutoff   33         8.06736    7.79192  3.41%  76.4  815s
 216592 54880    7.92666   27   98    8.06736    7.79360  3.39%  76.3  820s
 217980 54942    7.91258   38   66    8.06736    7.79487  3.38%  76.2  825s
 219828 54968     cutoff   37         8.06736    7.79680  3.35%  76.2  831s
 221291 55037    8.00778   38   48    8.06736    7.79831  3.34%  76.1  835s
 223082 55064     cutoff   36         8.06736    7.79984  3.32%  76.0  840s
 224997 55092    7.98021   40   68    8.06736    7.80167  3.29%  75.9  846s
 226371 55129    7.99276   38   83    8.06736    7.80289  3.28%  75.9  850s
 228178 55156     cutoff   37         8.06736    7.80476  3.26%  75.8  856s
 229116 55242     cutoff   39         8.06736    7.80564  3.24%  75.8  861s
H229123 55242                       8.0673636    7.80564  3.24%  75.8  861s
 230092 55195     cutoff   40         8.06736    7.80659  3.23%  75.8  865s
 231942 55174    8.01115   27   53    8.06736    7.80804  3.21%  75.7  871s
 233213 55142     cutoff   45         8.06736    7.80924  3.20%  75.6  875s
 234954 55074    7.97840   38   42    8.06736    7.81125  3.17%  75.6  880s
 236841 55065    7.83537   31   58    8.06736    7.81306  3.15%  75.5  886s
 238166 55039    7.96101   40   44    8.06736    7.81438  3.14%  75.4  890s
 239934 55006    8.06053   39   48    8.06736    7.81614  3.11%  75.4  895s
 241743 54973    7.93471   38   67    8.06736    7.81769  3.09%  75.3  900s
 243580 54980     cutoff   34         8.06736    7.81947  3.07%  75.2  906s
 244836 54912    8.02420   37   77    8.06736    7.82072  3.06%  75.2  910s
*245399 53765              44       8.0483252    7.82100  2.82%  75.1  911s
H245690 53812                       8.0483214    7.82141  2.82%  75.1  914s
H245720 53817                       8.0483214    7.82143  2.82%  75.1  914s
 245721 53737    7.95125   40   73    8.04832    7.82148  2.82%  75.1  915s
 247307 53617    7.90247   40   69    8.04832    7.82307  2.80%  75.1  920s
 248948 53499    8.02691   32   66    8.04832    7.82477  2.78%  75.0  925s
 250409 53323     cutoff   38         8.04832    7.82641  2.76%  75.0  930s
 251873 53158    7.85655   39   75    8.04832    7.82816  2.74%  74.9  935s
 253525 53028    8.00348   30   53    8.04832    7.82985  2.71%  74.8  940s
 255045 52852     cutoff   36         8.04832    7.83143  2.69%  74.8  945s
 256642 52688     cutoff   36         8.04832    7.83304  2.67%  74.7  950s
 258397 52455    7.98874   38   36    8.04832    7.83509  2.65%  74.7  956s
 259220 52383    7.91215   37   43    8.04832    7.83586  2.64%  74.6  960s
 260050 52302    7.87675   36   53    8.04832    7.83664  2.63%  74.6  965s
 261184 52187    7.95123   35   41    8.04832    7.83783  2.62%  74.5  971s
 262273 52048     cutoff   35         8.04832    7.83887  2.60%  74.5  976s
 263658 51844    7.94740   37   58    8.04832    7.84043  2.58%  74.4  982s
 264419 51772     cutoff   30         8.04832    7.84117  2.57%  74.4  985s
 265130 51672     cutoff   33         8.04832    7.84188  2.57%  74.4  992s
 265477 51617     cutoff   39         8.04832    7.84217  2.56%  74.4  995s
 266523 51455    8.02503   33   43    8.04832    7.84327  2.55%  74.3 1000s
 267930 51245     cutoff   34         8.04832    7.84470  2.53%  74.3 1005s
 269642 50997    7.97651   31   70    8.04832    7.84657  2.51%  74.2 1010s
 270798 50875     cutoff   45         8.04832    7.84756  2.49%  74.1 1015s
 271914 50732    7.89582   38   65    8.04832    7.84860  2.48%  74.1 1020s
 273174 50508     cutoff   35         8.04832    7.84992  2.47%  74.0 1026s
 274637 50332     cutoff   37         8.04832    7.85145  2.45%  74.0 1031s
 276085 50123    7.98658   36   72    8.04832    7.85277  2.43%  73.9 1035s
 277754 49844     cutoff   44         8.04832    7.85451  2.41%  73.8 1040s
 279047 49634    8.04169   41   50    8.04832    7.85589  2.39%  73.8 1045s
 280609 49332    7.96216   35   62    8.04832    7.85770  2.37%  73.7 1050s
 281911 49107    7.96052   42   57    8.04832    7.85912  2.35%  73.7 1055s
 283466 48820     cutoff   37         8.04832    7.86064  2.33%  73.6 1060s
 284937 48506     cutoff   44         8.04832    7.86235  2.31%  73.5 1065s
 286818 48147     cutoff   39         8.04832    7.86423  2.29%  73.5 1070s
 288328 47846    8.03155   35   47    8.04832    7.86579  2.27%  73.4 1075s
 289834 47510     cutoff   43         8.04832    7.86749  2.25%  73.3 1080s
 291689 47210     cutoff   31         8.04832    7.86932  2.22%  73.2 1088s
 291992 47047    7.88198   31   86    8.04832    7.86959  2.22%  73.2 1090s
 293781 46652     cutoff   33         8.04832    7.87144  2.20%  73.2 1095s
 295269 46328     cutoff   33         8.04832    7.87289  2.18%  73.1 1100s
 296838 45911     cutoff   33         8.04832    7.87466  2.16%  73.0 1105s
 298500 45497     cutoff   29         8.04832    7.87631  2.14%  73.0 1110s
 300240 45101    7.97696   32   41    8.04832    7.87797  2.12%  72.9 1115s
 301930 44705     cutoff   38         8.04832    7.87964  2.10%  72.8 1120s
 303561 44287     cutoff   36         8.04832    7.88126  2.08%  72.7 1125s
 305184 43883     cutoff   42         8.04832    7.88304  2.05%  72.7 1130s
 306921 43379    7.90091   34   75    8.04832    7.88501  2.03%  72.6 1135s
 308506 42953    7.94313   49   66    8.04832    7.88654  2.01%  72.5 1140s
 309993 42515     cutoff   35         8.04832    7.88809  1.99%  72.4 1145s
 311398 42065     cutoff   33         8.04832    7.88965  1.97%  72.4 1150s
 312581 41720    7.95112   32   62    8.04832    7.89095  1.96%  72.3 1155s
 314047 41292     cutoff   47         8.04832    7.89256  1.94%  72.2 1160s
 315290 40925    8.03824   33   90    8.04832    7.89378  1.92%  72.2 1165s
 316758 40481    8.00882   42   49    8.04832    7.89525  1.90%  72.1 1170s
 318371 39956    7.99524   37   72    8.04832    7.89704  1.88%  72.0 1175s
 319945 39428    8.01776   38   46    8.04832    7.89867  1.86%  72.0 1180s
 321349 38986    7.91551   39   61    8.04832    7.90014  1.84%  71.9 1185s
 322767 38542    7.96573   46   83    8.04832    7.90155  1.82%  71.8 1190s
 324115 38077    8.03725   39   48    8.04832    7.90299  1.81%  71.8 1195s
 325231 37700     cutoff   35         8.04832    7.90432  1.79%  71.7 1200s
 326335 37309     cutoff   34         8.04832    7.90560  1.77%  71.6 1205s
 327848 36785    7.92893   36   83    8.04832    7.90717  1.75%  71.6 1210s
 329086 36318     cutoff   37         8.04832    7.90857  1.74%  71.5 1215s
 330492 35760     cutoff   36         8.04832    7.91013  1.72%  71.4 1220s
 331741 35280     cutoff   40         8.04832    7.91155  1.70%  71.4 1225s
 332540 35049    8.02134   39   46    8.04832    7.91246  1.69%  71.3 1233s
 332929 34800     cutoff   35         8.04832    7.91287  1.68%  71.3 1235s
 334411 34251     cutoff   42         8.04832    7.91449  1.66%  71.2 1240s
 335916 33611     cutoff   34         8.04832    7.91635  1.64%  71.1 1245s
 337672 32901     cutoff   42         8.04832    7.91833  1.62%  71.0 1250s
 339456 32080     cutoff   44         8.04832    7.92061  1.59%  70.9 1255s
 341209 31273    8.01145   40   47    8.04832    7.92277  1.56%  70.8 1260s
 342580 30617    8.03415   42   75    8.04832    7.92459  1.54%  70.8 1265s
 344191 29902     cutoff   35         8.04832    7.92654  1.51%  70.7 1270s
 345760 29174     cutoff   36         8.04832    7.92836  1.49%  70.6 1275s
 347519 28278     cutoff   38         8.04832    7.93080  1.46%  70.5 1280s
 349180 27378     cutoff   33         8.04832    7.93313  1.43%  70.4 1285s
 350845 26470     cutoff   36         8.04832    7.93548  1.40%  70.3 1290s
 352651 25480    8.00441   32   75    8.04832    7.93790  1.37%  70.1 1295s
 354291 24575     cutoff   42         8.04832    7.94031  1.34%  70.0 1300s
 356115 23583    8.04596   37   48    8.04832    7.94281  1.31%  69.9 1305s
 357971 22513    8.01710   39   57    8.04832    7.94556  1.28%  69.8 1310s
 360014 21264     cutoff   43         8.04832    7.94855  1.24%  69.6 1315s
 362051 19931    8.03769   39   36    8.04832    7.95193  1.20%  69.5 1320s
 364122 18598     cutoff   38         8.04832    7.95545  1.15%  69.3 1325s
 366205 17178     cutoff   41         8.04832    7.95922  1.11%  69.2 1330s
 368621 15506    8.03075   39   53    8.04832    7.96359  1.05%  69.0 1335s
 371017 13832     cutoff   44         8.04832    7.96816  1.00%  68.8 1340s
*373259 11949              41       8.0447960    7.97299  0.89%  68.6 1344s
 373299 11926     cutoff   42         8.04480    7.97299  0.89%  68.6 1350s
H373302 11925                       8.0447927    7.97299  0.89%  68.6 1350s
H373306 11925                       8.0447927    7.97299  0.89%  68.6 1350s
 375848  9829     cutoff   41         8.04479    7.97898  0.82%  68.3 1355s
 378720  7480     cutoff   32         8.04479    7.98755  0.71%  68.0 1360s
 381921  4793     cutoff   43         8.04479    7.99929  0.57%  67.7 1365s
 386314  1013     cutoff   48         8.04479    8.02933  0.19%  67.1 1370s

Cutting planes:
  MIR: 9
  Flow cover: 1

Explored 387432 nodes (25944866 simplex iterations) in 1370.71 seconds
Thread count was 4 (of 4 available processors)

Optimal solution found (tolerance 1.00e-04)
Best objective 8.044790808264e+00, best bound 8.044720438326e+00, gap 0.0009%
Path[0] = [0, 1]
Path[13] = [0, 2]
Path[26] = [0, 3]
Path[39] = [0, 4]
Path[40] = [1, 0]
Path[50] = [1, 0, 2]
Path[61] = [1, 0, 3]
Path[72] = [1, 0, 4]
Path[80] = [2, 0]
Path[90] = [2, 0, 1]
Path[101] = [2, 0, 3]
Path[112] = [2, 0, 4]
Path[120] = [3, 0]
Path[130] = [3, 0, 1]
Path[141] = [3, 0, 2]
Path[152] = [3, 0, 4]
Path[160] = [4, 0]
Path[170] = [4, 0, 1]
Path[181] = [4, 0, 2]
Path[192] = [4, 0, 3]
0 -> 1: 0.932966
0 -> 2: 1.03202
0 -> 3: 1.12532
0 -> 4: 0.826402
1 -> 0: 1.03202
2 -> 0: 1.03202
3 -> 0: 1.03202
4 -> 0: 1.03202
